8.678000450134277344e+00 -1.925999999046325684e+00 2.349999994039535522e-01 0.000000000000000000e+00
8.670999526977539062e+00 -1.896000027656555176e+00 2.349999994039535522e-01 0.000000000000000000e+00
8.689999580383300781e+00 -1.871000051498413086e+00 2.349999994039535522e-01 0.000000000000000000e+00
8.697999954223632812e+00 -1.843999981880187988e+00 2.349999994039535522e-01 0.000000000000000000e+00
8.729000091552734375e+00 -1.822999954223632812e+00 2.349999994039535522e-01 2.999999932944774628e-02
8.750000000000000000e+00 -1.983999967575073242e+00 1.930000036954879761e-01 2.000000029802322388e-01
8.717000007629394531e+00 -1.947999954223632812e+00 1.930000036954879761e-01 2.099999934434890747e-01
8.699999809265136719e+00 -1.916000008583068848e+00 1.930000036954879761e-01 2.199999988079071045e-01
8.706000328063964844e+00 -1.888000011444091797e+00 1.930000036954879761e-01 2.000000029802322388e-01
8.704000473022460938e+00 -1.858999967575073242e+00 1.930000036954879761e-01 2.899999916553497314e-01
8.718000411987304688e+00 -1.833999991416931152e+00 1.930000036954879761e-01 2.700000107288360596e-01
8.739999771118164062e+00 -1.824000000953674316e+00 1.930000036954879761e-01 2.099999934434890747e-01
8.616999626159667969e+00 -1.769999980926513672e+00 1.930000036954879761e-01 0.000000000000000000e+00
8.689000129699707031e+00 -1.945999979972839355e+00 1.360000073909759521e-01 1.800000071525573730e-01
8.651000022888183594e+00 -1.922999978065490723e+00 1.360000073909759521e-01 1.800000071525573730e-01
8.652999877929687500e+00 -1.894999980926513672e+00 1.360000073909759521e-01 3.100000023841857910e-01
8.659000396728515625e+00 -1.868000030517578125e+00 1.360000073909759521e-01 2.000000029802322388e-01
8.654999732971191406e+00 -1.838999986648559570e+00 1.360000073909759521e-01 1.800000071525573730e-01
8.666000366210937500e+00 -1.812999963760375977e+00 1.360000073909759521e-01 1.500000059604644775e-01
8.684000015258789062e+00 -1.787999987602233887e+00 1.360000073909759521e-01 3.100000023841857910e-01
8.736000061035156250e+00 -1.769999980926513672e+00 1.360000073909759521e-01 0.000000000000000000e+00
8.661999702453613281e+00 -1.934999942779541016e+00 8.100000023841857910e-02 3.199999928474426270e-01
8.647000312805175781e+00 -1.917999982833862305e+00 8.100000023841857910e-02 4.300000071525573730e-01
8.663000106811523438e+00 -1.893000006675720215e+00 8.100000023841857910e-02 2.500000000000000000e-01
8.642000198364257812e+00 -1.860000014305114746e+00 8.200000226497650146e-02 5.899999737739562988e-01
8.631999969482421875e+00 -1.828999996185302734e+00 8.200000226497650146e-02 3.400000035762786865e-01
8.652999877929687500e+00 -1.804999947547912598e+00 8.200000226497650146e-02 3.199999928474426270e-01
8.684000015258789062e+00 -1.782999992370605469e+00 8.100000023841857910e-02 4.600000083446502686e-01
8.590000152587890625e+00 -1.735999941825866699e+00 8.299999684095382690e-02 0.000000000000000000e+00
8.706999778747558594e+00 -1.935999989509582520e+00 1.799999922513961792e-02 1.800000071525573730e-01
8.708999633789062500e+00 -1.907999992370605469e+00 1.799999922513961792e-02 2.399999946355819702e-01
8.706000328063964844e+00 -1.878000020980834961e+00 1.799999922513961792e-02 2.700000107288360596e-01
8.701000213623046875e+00 -1.863000035285949707e+00 1.899999938905239105e-02 3.100000023841857910e-01
8.706999778747558594e+00 -1.835999965667724609e+00 1.899999938905239105e-02 1.800000071525573730e-01
8.696999549865722656e+00 -1.804999947547912598e+00 1.899999938905239105e-02 1.700000017881393433e-01
8.777000427246093750e+00 -1.792999982833862305e+00 1.700000092387199402e-02 1.099999994039535522e-01
8.748000144958496094e+00 -1.925999999046325684e+00 -2.899999916553497314e-02 3.000000119209289551e-01
8.720999717712402344e+00 -1.891000032424926758e+00 -2.800000086426734924e-02 2.199999988079071045e-01
8.729000091552734375e+00 -1.863999962806701660e+00 -2.800000086426734924e-02 3.400000035762786865e-01
8.715000152587890625e+00 -1.832999944686889648e+00 -2.700000070035457611e-02 4.300000071525573730e-01
8.704999923706054688e+00 -1.802000045776367188e+00 -2.700000070035457611e-02 3.499999940395355225e-01
8.725999832153320312e+00 -1.777999997138977051e+00 -2.700000070035457611e-02 5.099999904632568359e-01
8.664999961853027344e+00 -1.868999958038330078e+00 -7.900000363588333130e-02 2.700000107288360596e-01
8.645000457763671875e+00 -1.835999965667724609e+00 -7.900000363588333130e-02 4.600000083446502686e-01
8.616000175476074219e+00 -1.800999999046325684e+00 -7.699999958276748657e-02 3.300000131130218506e-01
8.593999862670898438e+00 -1.768000006675720215e+00 -7.599999755620956421e-02 4.000000059604644775e-01
8.607000350952148438e+00 -1.743000030517578125e+00 -7.699999958276748657e-02 4.399999976158142090e-01
8.659999847412109375e+00 -1.725999951362609863e+00 -7.800000160932540894e-02 3.499999940395355225e-01
8.753000259399414062e+00 -1.715999960899353027e+00 -8.100000023841857910e-02 4.099999964237213135e-01
8.713000297546386719e+00 -1.886000037193298340e+00 -1.400000005960464478e-01 1.400000005960464478e-01
8.604999542236328125e+00 -1.848999977111816406e+00 -1.350000053644180298e-01 2.899999916553497314e-01
8.571000099182128906e+00 -1.814000010490417480e+00 -1.340000033378601074e-01 4.000000059604644775e-01
8.576999664306640625e+00 -1.786999940872192383e+00 -1.340000033378601074e-01 4.600000083446502686e-01
8.585000038146972656e+00 -1.759999990463256836e+00 -1.340000033378601074e-01 5.899999737739562988e-01
8.614000320434570312e+00 -1.738000035285949707e+00 -1.350000053644180298e-01 3.899999856948852539e-01
8.616999626159667969e+00 -1.710999965667724609e+00 -1.350000053644180298e-01 6.600000262260437012e-01
8.711000442504882812e+00 -1.700999975204467773e+00 -1.379999965429306030e-01 2.000000029802322388e-01
8.848999977111816406e+00 -1.713000059127807617e+00 -1.430000066757202148e-01 6.399999856948852539e-01
8.567000389099121094e+00 -1.851999998092651367e+00 -1.860000044107437134e-01 3.700000047683715820e-01
8.534000396728515625e+00 -1.817000031471252441e+00 -1.850000023841857910e-01 2.800000011920928955e-01
8.526000022888183594e+00 -1.786999940872192383e+00 -1.840000003576278687e-01 4.900000095367431641e-01
8.550000190734863281e+00 -1.779000043869018555e+00 -1.850000023841857910e-01 2.500000000000000000e-01
8.557999610900878906e+00 -1.751999974250793457e+00 -1.850000023841857910e-01 5.500000119209289551e-01
8.572999954223632812e+00 -1.726999998092651367e+00 -1.850000023841857910e-01 3.499999940395355225e-01
8.607999801635742188e+00 -1.705999970436096191e+00 -1.870000064373016357e-01 3.600000143051147461e-01
8.652000427246093750e+00 -1.687000036239624023e+00 -1.879999935626983643e-01 3.700000047683715820e-01
8.791000366210937500e+00 -1.685999989509582520e+00 -1.949999928474426270e-01 5.299999713897705078e-01
8.586000442504882812e+00 -1.883999943733215332e+00 -2.380000054836273193e-01 4.499999880790710449e-01
8.508000373840332031e+00 -1.838999986648559570e+00 -2.339999973773956299e-01 2.099999934434890747e-01
8.482000350952148438e+00 -1.804999947547912598e+00 -2.319999933242797852e-01 2.899999916553497314e-01
8.479999542236328125e+00 -1.776999950408935547e+00 -2.319999933242797852e-01 3.799999952316284180e-01
8.500000000000000000e+00 -1.766999959945678711e+00 -2.329999953508377075e-01 2.800000011920928955e-01
8.524999618530273438e+00 -1.745000004768371582e+00 -2.339999973773956299e-01 4.099999964237213135e-01
8.541000366210937500e+00 -1.720000028610229492e+00 -2.339999973773956299e-01 3.700000047683715820e-01
8.557999610900878906e+00 -1.695000052452087402e+00 -2.349999994039535522e-01 2.599999904632568359e-01
8.614000320434570312e+00 -1.677999973297119141e+00 -2.370000034570693970e-01 2.899999916553497314e-01
8.756999969482421875e+00 -1.677000045776367188e+00 -2.440000027418136597e-01 3.400000035762786865e-01
8.579999923706054688e+00 -1.898000001907348633e+00 -2.939999997615814209e-01 4.000000059604644775e-01
8.496000289916992188e+00 -1.850999951362609863e+00 -2.890000045299530029e-01 2.500000000000000000e-01
8.480999946594238281e+00 -1.820000052452087402e+00 -2.879999876022338867e-01 3.300000131130218506e-01
8.479999542236328125e+00 -1.792000055313110352e+00 -2.870000004768371582e-01 4.099999964237213135e-01
8.486000061035156250e+00 -1.766000032424926758e+00 -2.870000004768371582e-01 3.400000035762786865e-01
8.487999916076660156e+00 -1.738000035285949707e+00 -2.870000004768371582e-01 4.699999988079071045e-01
8.526000022888183594e+00 -1.718000054359436035e+00 -2.890000045299530029e-01 2.899999916553497314e-01
8.612999916076660156e+00 -1.722000002861022949e+00 -2.939999997615814209e-01 2.300000041723251343e-01
8.609000205993652344e+00 -1.692999958992004395e+00 -2.930000126361846924e-01 5.400000214576721191e-01
8.675000190734863281e+00 -1.677999973297119141e+00 -2.969999909400939941e-01 2.700000107288360596e-01
8.708999633789062500e+00 -1.656000018119812012e+00 -2.980000078678131104e-01 0.000000000000000000e+00
8.923999786376953125e+00 -1.669000029563903809e+00 -3.100000023841857910e-01 1.000000014901161194e-01
8.684000015258789062e+00 -1.919000029563903809e+00 -3.479999899864196777e-01 5.400000214576721191e-01
8.557000160217285156e+00 -1.863000035285949707e+00 -3.389999866485595703e-01 2.199999988079071045e-01
8.546999931335449219e+00 -1.847000002861022949e+00 -3.379999995231628418e-01 3.000000119209289551e-01
8.538999557495117188e+00 -1.817000031471252441e+00 -3.370000123977661133e-01 4.199999868869781494e-01
8.545999526977539062e+00 -1.791000008583068848e+00 -3.379999995231628418e-01 2.700000107288360596e-01
8.640000343322753906e+00 -1.781999945640563965e+00 -3.429999947547912598e-01 3.799999952316284180e-01
8.621999740600585938e+00 -1.750000000000000000e+00 -3.420000076293945312e-01 4.000000059604644775e-01
8.670000076293945312e+00 -1.730999946594238281e+00 -3.440000116825103760e-01 3.100000023841857910e-01
8.685999870300292969e+00 -1.705999970436096191e+00 -3.449999988079071045e-01 4.300000071525573730e-01
8.682000160217285156e+00 -1.690999984741210938e+00 -3.449999988079071045e-01 4.199999868869781494e-01
8.855999946594238281e+00 -1.695999979972839355e+00 -3.549999892711639404e-01 3.000000119209289551e-01
8.937999725341796875e+00 -1.682000041007995605e+00 -3.600000143051147461e-01 5.299999713897705078e-01
8.661000251770019531e+00 -1.930999994277954102e+00 -4.079999923706054688e-01 1.800000071525573730e-01
8.472000122070312500e+00 -1.860000014305114746e+00 -3.950000107288360596e-01 2.800000011920928955e-01
8.475999832153320312e+00 -1.832999944686889648e+00 -3.950000107288360596e-01 3.400000035762786865e-01
8.503000259399414062e+00 -1.810999989509582520e+00 -3.959999978542327881e-01 4.300000071525573730e-01
8.550000190734863281e+00 -1.792999982833862305e+00 -3.989999890327453613e-01 2.099999934434890747e-01
8.586000442504882812e+00 -1.786999940872192383e+00 -4.009999930858612061e-01 3.300000131130218506e-01
8.592000007629394531e+00 -1.759999990463256836e+00 -4.009999930858612061e-01 4.099999964237213135e-01
8.600999832153320312e+00 -1.733000040054321289e+00 -4.020000100135803223e-01 3.400000035762786865e-01
8.633999824523925781e+00 -1.712000012397766113e+00 -4.029999971389770508e-01 2.899999916553497314e-01
8.649000167846679688e+00 -1.687000036239624023e+00 -4.040000140666961670e-01 5.299999713897705078e-01
8.750000000000000000e+00 -1.677999973297119141e+00 -4.110000133514404297e-01 2.700000107288360596e-01
8.854999542236328125e+00 -1.669999957084655762e+00 -4.180000126361846924e-01 2.399999946355819702e-01
8.906999588012695312e+00 -1.664999961853027344e+00 -4.210000038146972656e-01 5.000000000000000000e-01
8.845000267028808594e+00 -1.625000000000000000e+00 -4.169999957084655762e-01 0.000000000000000000e+00
8.526000022888183594e+00 -1.927999973297119141e+00 -4.420000016689300537e-01 2.700000107288360596e-01
8.510999679565429688e+00 -1.896000027656555176e+00 -4.410000145435333252e-01 4.300000071525573730e-01
8.539999961853027344e+00 -1.875000000000000000e+00 -4.429999887943267822e-01 3.700000047683715820e-01
8.527999877929687500e+00 -1.843999981880187988e+00 -4.410000145435333252e-01 4.600000083446502686e-01
8.670999526977539062e+00 -1.845999956130981445e+00 -4.519999921321868896e-01 2.199999988079071045e-01
8.678000450134277344e+00 -1.819000005722045898e+00 -4.519999921321868896e-01 5.299999713897705078e-01
8.678999900817871094e+00 -1.804999947547912598e+00 -4.519999921321868896e-01 3.899999856948852539e-01
8.664999961853027344e+00 -1.774000048637390137e+00 -4.499999880790710449e-01 5.699999928474426270e-01
8.685000419616699219e+00 -1.748999953269958496e+00 -4.510000050067901611e-01 3.199999928474426270e-01
8.675999641418457031e+00 -1.718999981880187988e+00 -4.499999880790710449e-01 5.000000000000000000e-01
8.718999862670898438e+00 -1.699000000953674316e+00 -4.530000090599060059e-01 3.000000119209289551e-01
8.897000312805175781e+00 -1.703999996185302734e+00 -4.659999907016754150e-01 4.799999892711639404e-01
8.977999687194824219e+00 -1.690999984741210938e+00 -4.720000028610229492e-01 3.000000119209289551e-01
9.031999588012695312e+00 -1.685999989509582520e+00 -4.749999940395355225e-01 6.600000262260437012e-01
9.232000350952148438e+00 -1.692999958992004395e+00 -4.900000095367431641e-01 0.000000000000000000e+00
8.451999664306640625e+00 -1.998000025749206543e+00 -4.950000047683715820e-01 1.299999952316284180e-01
8.447999954223632812e+00 -1.970000028610229492e+00 -4.950000047683715820e-01 1.599999964237213135e-01
8.437000274658203125e+00 -1.939000010490417480e+00 -4.930000007152557373e-01 2.500000000000000000e-01
8.454999923706054688e+00 -1.914999961853027344e+00 -4.939999878406524658e-01 2.000000029802322388e-01
8.451000213623046875e+00 -1.886000037193298340e+00 -4.930000007152557373e-01 2.300000041723251343e-01
8.487000465393066406e+00 -1.879999995231628418e+00 -4.959999918937683105e-01 1.199999973177909851e-01
8.600000381469726562e+00 -1.876999974250793457e+00 -5.049999952316284180e-01 3.600000143051147461e-01
8.614999771118164062e+00 -1.853000044822692871e+00 -5.059999823570251465e-01 2.199999988079071045e-01
8.623000144958496094e+00 -1.825999975204467773e+00 -5.059999823570251465e-01 2.199999988079071045e-01
8.623000144958496094e+00 -1.797999978065490723e+00 -5.049999952316284180e-01 3.199999928474426270e-01
8.616999626159667969e+00 -1.768000006675720215e+00 -5.040000081062316895e-01 3.000000119209289551e-01
8.618000030517578125e+00 -1.740000009536743164e+00 -5.040000081062316895e-01 2.800000011920928955e-01
8.621000289916992188e+00 -1.726999998092651367e+00 -5.040000081062316895e-01 3.199999928474426270e-01
8.663999557495117188e+00 -1.707000017166137695e+00 -5.070000290870666504e-01 1.800000071525573730e-01
8.670999526977539062e+00 -1.679999947547912598e+00 -5.070000290870666504e-01 2.899999916553497314e-01
8.888999938964843750e+00 -1.694000005722045898e+00 -5.249999761581420898e-01 1.500000059604644775e-01
8.897000312805175781e+00 -1.667000055313110352e+00 -5.249999761581420898e-01 1.800000071525573730e-01
8.892000198364257812e+00 -1.636999964714050293e+00 -5.239999890327453613e-01 4.600000083446502686e-01
8.465999603271484375e+00 -2.072999954223632812e+00 -5.479999780654907227e-01 3.400000035762786865e-01
8.453000068664550781e+00 -2.055999994277954102e+00 -5.469999909400939941e-01 3.600000143051147461e-01
8.458000183105468750e+00 -2.029000043869018555e+00 -5.469999909400939941e-01 3.300000131130218506e-01
8.470000267028808594e+00 -2.003999948501586914e+00 -5.469999909400939941e-01 4.300000071525573730e-01
8.463000297546386719e+00 -1.973999977111816406e+00 -5.460000038146972656e-01 3.000000119209289551e-01
8.673000335693359375e+00 -1.922000050544738770e+00 -5.630000233650207520e-01 3.000000119209289551e-01
8.642000198364257812e+00 -1.886999964714050293e+00 -5.590000152587890625e-01 3.300000131130218506e-01
8.614000320434570312e+00 -1.853000044822692871e+00 -5.559999942779541016e-01 3.600000143051147461e-01
8.602999687194824219e+00 -1.822000026702880859e+00 -5.550000071525573730e-01 3.300000131130218506e-01
8.597000122070312500e+00 -1.792000055313110352e+00 -5.540000200271606445e-01 4.000000059604644775e-01
8.597999572753906250e+00 -1.764999985694885254e+00 -5.529999732971191406e-01 3.199999928474426270e-01
8.600000381469726562e+00 -1.736999988555908203e+00 -5.529999732971191406e-01 4.199999868869781494e-01
8.614000320434570312e+00 -1.725999951362609863e+00 -5.540000200271606445e-01 4.099999964237213135e-01
8.628000259399414062e+00 -1.700000047683715820e+00 -5.550000071525573730e-01 3.000000119209289551e-01
8.675999641418457031e+00 -1.680999994277954102e+00 -5.590000152587890625e-01 4.900000095367431641e-01
8.715999603271484375e+00 -1.659999966621398926e+00 -5.619999766349792480e-01 3.199999928474426270e-01
8.918000221252441406e+00 -1.669000029563903809e+00 -5.789999961853027344e-01 1.899999976158142090e-01
8.906999588012695312e+00 -1.638000011444091797e+00 -5.770000219345092773e-01 5.699999928474426270e-01
8.597999572753906250e+00 -1.881000041961669922e+00 -6.079999804496765137e-01 0.000000000000000000e+00
8.585000038146972656e+00 -1.850000023841857910e+00 -6.060000061988830566e-01 1.299999952316284180e-01
8.552000045776367188e+00 -1.828999996185302734e+00 -6.029999852180480957e-01 2.099999934434890747e-01
8.567999839782714844e+00 -1.804000020027160645e+00 -6.039999723434448242e-01 1.500000059604644775e-01
8.536000251770019531e+00 -1.769999980926513672e+00 -6.000000238418579102e-01 2.599999904632568359e-01
8.569000244140625000e+00 -1.748000025749206543e+00 -6.029999852180480957e-01 2.099999934434890747e-01
8.583000183105468750e+00 -1.723000049591064453e+00 -6.039999723434448242e-01 1.700000017881393433e-01
8.579999923706054688e+00 -1.695000052452087402e+00 -6.029999852180480957e-01 2.899999916553497314e-01
8.623000144958496094e+00 -1.674999952316284180e+00 -6.060000061988830566e-01 1.599999964237213135e-01
8.625000000000000000e+00 -1.661000013351440430e+00 -6.060000061988830566e-01 0.000000000000000000e+00
8.854999542236328125e+00 -1.649000048637390137e+00 -6.269999742507934570e-01 1.400000005960464478e-01
8.708999633789062500e+00 -1.939000010490417480e+00 -6.759999990463256836e-01 2.300000041723251343e-01
8.619000434875488281e+00 -1.891000032424926758e+00 -6.660000085830688477e-01 4.799999892711639404e-01
8.604000091552734375e+00 -1.858999967575073242e+00 -6.639999747276306152e-01 3.199999928474426270e-01
8.571000099182128906e+00 -1.824000000953674316e+00 -6.600000262260437012e-01 4.499999880790710449e-01
8.571000099182128906e+00 -1.796000003814697266e+00 -6.600000262260437012e-01 3.400000035762786865e-01
8.562999725341796875e+00 -1.766000032424926758e+00 -6.579999923706054688e-01 4.499999880790710449e-01
8.562000274658203125e+00 -1.738000035285949707e+00 -6.579999923706054688e-01 4.300000071525573730e-01
8.562999725341796875e+00 -1.723999977111816406e+00 -6.579999923706054688e-01 4.300000071525573730e-01
8.595999717712402344e+00 -1.702999949455261230e+00 -6.600000262260437012e-01 4.300000071525573730e-01
8.611000061035156250e+00 -1.677999973297119141e+00 -6.610000133514404297e-01 4.199999868869781494e-01
8.618000030517578125e+00 -1.651000022888183594e+00 -6.620000004768371582e-01 5.400000214576721191e-01
8.684000015258789062e+00 -1.634999990463256836e+00 -6.679999828338623047e-01 1.800000071525573730e-01
8.862999916076660156e+00 -1.639999985694885254e+00 -6.850000023841857910e-01 5.400000214576721191e-01
8.894000053405761719e+00 -1.616000056266784668e+00 -6.880000233650207520e-01 2.599999904632568359e-01
8.817000389099121094e+00 -1.965999960899353027e+00 -7.429999709129333496e-01 3.499999940395355225e-01
8.684000015258789062e+00 -1.907999992370605469e+00 -7.279999852180480957e-01 4.699999988079071045e-01
8.633000373840332031e+00 -1.868000030517578125e+00 -7.220000028610229492e-01 3.000000119209289551e-01
8.588000297546386719e+00 -1.843999981880187988e+00 -7.170000076293945312e-01 5.099999904632568359e-01
8.586000442504882812e+00 -1.815000057220458984e+00 -7.160000205039978027e-01 2.800000011920928955e-01
8.553999900817871094e+00 -1.779999971389770508e+00 -7.120000123977661133e-01 5.199999809265136719e-01
8.576999664306640625e+00 -1.756999969482421875e+00 -7.139999866485595703e-01 3.000000119209289551e-01
8.560000419616699219e+00 -1.725000023841857910e+00 -7.110000252723693848e-01 5.400000214576721191e-01
8.574999809265136719e+00 -1.700000047683715820e+00 -7.120000123977661133e-01 3.000000119209289551e-01
8.576000213623046875e+00 -1.672999978065490723e+00 -7.120000123977661133e-01 6.000000238418579102e-01
8.616000175476074219e+00 -1.666000008583068848e+00 -7.160000205039978027e-01 2.899999916553497314e-01
8.623000144958496094e+00 -1.639999985694885254e+00 -7.160000205039978027e-01 5.699999928474426270e-01
8.850000381469726562e+00 -1.626000046730041504e+00 -7.390000224113464355e-01 3.300000131130218506e-01
8.885000228881835938e+00 -2.009999990463256836e+00 -8.109999895095825195e-01 1.800000071525573730e-01
8.847000122070312500e+00 -1.973000049591064453e+00 -8.050000071525573730e-01 2.899999916553497314e-01
8.812000274658203125e+00 -1.935999989509582520e+00 -8.009999990463256836e-01 2.800000011920928955e-01
8.798999786376953125e+00 -1.904000043869018555e+00 -7.990000247955322266e-01 3.899999856948852539e-01
8.659999847412109375e+00 -1.860000014305114746e+00 -7.829999923706054688e-01 2.000000029802322388e-01
8.647999763488769531e+00 -1.830000042915344238e+00 -7.810000181198120117e-01 3.000000119209289551e-01
8.621000289916992188e+00 -1.796000003814697266e+00 -7.770000100135803223e-01 3.100000023841857910e-01
8.618000030517578125e+00 -1.766999959945678711e+00 -7.760000228881835938e-01 3.199999928474426270e-01
8.604000091552734375e+00 -1.735999941825866699e+00 -7.739999890327453613e-01 2.700000107288360596e-01
8.637000083923339844e+00 -1.713999986648559570e+00 -7.770000100135803223e-01 3.600000143051147461e-01
8.619000434875488281e+00 -1.682999968528747559e+00 -7.739999890327453613e-01 2.199999988079071045e-01
8.649000167846679688e+00 -1.674000024795532227e+00 -7.770000100135803223e-01 4.300000071525573730e-01
8.916999816894531250e+00 -1.638000011444091797e+00 -8.059999942779541016e-01 3.300000131130218506e-01
8.789999961853027344e+00 -2.009999990463256836e+00 -8.560000061988830566e-01 3.199999928474426270e-01
8.765000343322753906e+00 -1.975000023841857910e+00 -8.519999980926513672e-01 3.400000035762786865e-01
8.762999534606933594e+00 -1.945999979972839355e+00 -8.510000109672546387e-01 3.899999856948852539e-01
8.769000053405761719e+00 -1.917999982833862305e+00 -8.510000109672546387e-01 3.300000131130218506e-01
8.751999855041503906e+00 -1.886000037193298340e+00 -8.479999899864196777e-01 4.399999976158142090e-01
8.588999748229980469e+00 -1.822000026702880859e+00 -8.280000090599060059e-01 3.000000119209289551e-01
8.583000183105468750e+00 -1.792000055313110352e+00 -8.270000219345092773e-01 3.899999856948852539e-01
8.569999694824218750e+00 -1.776000022888183594e+00 -8.249999880790710449e-01 3.400000035762786865e-01
8.576000213623046875e+00 -1.748999953269958496e+00 -8.249999880790710449e-01 3.600000143051147461e-01
8.574999809265136719e+00 -1.720999956130981445e+00 -8.240000009536743164e-01 3.499999940395355225e-01
8.579000473022460938e+00 -1.692999958992004395e+00 -8.240000009536743164e-01 3.799999952316284180e-01
8.588000297546386719e+00 -1.667000055313110352e+00 -8.240000009536743164e-01 4.499999880790710449e-01
8.822999954223632812e+00 -1.684999942779541016e+00 -8.519999980926513672e-01 0.000000000000000000e+00
8.826000213623046875e+00 -2.042000055313110352e+00 -9.129999876022338867e-01 2.599999904632568359e-01
8.807000160217285156e+00 -2.009000062942504883e+00 -9.100000262260437012e-01 3.199999928474426270e-01
8.803999900817871094e+00 -1.978999972343444824e+00 -9.089999794960021973e-01 4.300000071525573730e-01
8.793000221252441406e+00 -1.947999954223632812e+00 -9.060000181198120117e-01 3.700000047683715820e-01
8.795000076293945312e+00 -1.919000029563903809e+00 -9.060000181198120117e-01 4.300000071525573730e-01
8.803000450134277344e+00 -1.891999959945678711e+00 -9.060000181198120117e-01 4.099999964237213135e-01
8.812000274658203125e+00 -1.865000009536743164e+00 -9.070000052452087402e-01 4.799999892711639404e-01
8.678999900817871094e+00 -1.822999954223632812e+00 -8.899999856948852539e-01 3.799999952316284180e-01
8.626999855041503906e+00 -1.784000039100646973e+00 -8.820000290870666504e-01 2.800000011920928955e-01
8.609000205993652344e+00 -1.751999974250793457e+00 -8.790000081062316895e-01 4.199999868869781494e-01
8.609999656677246094e+00 -1.723999977111816406e+00 -8.790000081062316895e-01 4.099999964237213135e-01
8.609999656677246094e+00 -1.695999979972839355e+00 -8.780000209808349609e-01 4.000000059604644775e-01
8.621000289916992188e+00 -1.669999957084655762e+00 -8.790000081062316895e-01 4.099999964237213135e-01
8.628000259399414062e+00 -1.643000006675720215e+00 -8.790000081062316895e-01 4.499999880790710449e-01
8.659999847412109375e+00 -1.634999990463256836e+00 -8.830000162124633789e-01 5.299999713897705078e-01
8.767999649047851562e+00 -2.039999961853027344e+00 -9.520000219345092773e-01 3.899999856948852539e-01
8.772999763488769531e+00 -2.012000083923339844e+00 -9.520000219345092773e-01 2.899999916553497314e-01
8.758000373840332031e+00 -1.980000019073486328e+00 -9.490000009536743164e-01 4.499999880790710449e-01
8.772999763488769531e+00 -1.953999996185302734e+00 -9.499999880790710449e-01 3.499999940395355225e-01
8.753000259399414062e+00 -1.934999942779541016e+00 -9.470000267028808594e-01 4.499999880790710449e-01
8.769000053405761719e+00 -1.909999966621398926e+00 -9.490000009536743164e-01 3.499999940395355225e-01
8.760999679565429688e+00 -1.878999948501586914e+00 -9.470000267028808594e-01 6.000000238418579102e-01
8.782999992370605469e+00 -1.855000019073486328e+00 -9.490000009536743164e-01 2.000000029802322388e-01
8.593999862670898438e+00 -1.758000016212463379e+00 -9.229999780654907227e-01 4.799999892711639404e-01
8.597999572753906250e+00 -1.730999946594238281e+00 -9.229999780654907227e-01 2.899999916553497314e-01
8.564999580383300781e+00 -1.710000038146972656e+00 -9.179999828338623047e-01 5.400000214576721191e-01
8.595999717712402344e+00 -1.687999963760375977e+00 -9.210000038146972656e-01 3.300000131130218506e-01
8.586000442504882812e+00 -1.657999992370605469e+00 -9.190000295639038086e-01 5.400000214576721191e-01
8.618000030517578125e+00 -1.636999964714050293e+00 -9.229999780654907227e-01 3.400000035762786865e-01
8.862000465393066406e+00 -2.095000028610229492e+00 -1.029000043869018555e+00 1.599999964237213135e-01
8.831999778747558594e+00 -2.059000015258789062e+00 -1.024000048637390137e+00 4.499999880790710449e-01
8.857999801635742188e+00 -2.036000013351440430e+00 -1.026999950408935547e+00 3.000000119209289551e-01
8.835000038146972656e+00 -2.000999927520751953e+00 -1.023000001907348633e+00 5.199999809265136719e-01
8.838999748229980469e+00 -1.973000049591064453e+00 -1.021999955177307129e+00 3.400000035762786865e-01
8.843999862670898438e+00 -1.945000052452087402e+00 -1.021999955177307129e+00 6.000000238418579102e-01
8.875000000000000000e+00 -1.922999978065490723e+00 -1.026000022888183594e+00 3.899999856948852539e-01
8.692999839782714844e+00 -1.726999998092651367e+00 -9.959999918937683105e-01 3.199999928474426270e-01
8.680999755859375000e+00 -1.695999979972839355e+00 -9.940000176429748535e-01 4.399999976158142090e-01
8.678000450134277344e+00 -1.682000041007995605e+00 -9.929999709129333496e-01 4.099999964237213135e-01
8.673000335693359375e+00 -1.652999997138977051e+00 -9.919999837875366211e-01 4.600000083446502686e-01
8.694000244140625000e+00 -1.628000020980834961e+00 -9.940000176429748535e-01 3.000000119209289551e-01
8.828000068664550781e+00 -2.092000007629394531e+00 -1.085999965667724609e+00 2.700000107288360596e-01
8.822999954223632812e+00 -2.061000108718872070e+00 -1.083999991416931152e+00 2.700000107288360596e-01
8.796999931335449219e+00 -2.026000022888183594e+00 -1.080000042915344238e+00 3.000000119209289551e-01
8.782999992370605469e+00 -2.007999897003173828e+00 -1.077000021934509277e+00 3.400000035762786865e-01
8.807999610900878906e+00 -1.985000014305114746e+00 -1.080000042915344238e+00 2.399999946355819702e-01
8.848999977111816406e+00 -1.965000033378601074e+00 -1.085000038146972656e+00 3.400000035762786865e-01
8.878000259399414062e+00 -1.942000031471252441e+00 -1.088000059127807617e+00 3.000000119209289551e-01
8.642000198364257812e+00 -1.677000045776367188e+00 -1.047999978065490723e+00 2.000000029802322388e-01
8.628000259399414062e+00 -1.646000027656555176e+00 -1.044999957084655762e+00 3.000000119209289551e-01
8.626999855041503906e+00 -1.618000030517578125e+00 -1.044000029563903809e+00 2.899999916553497314e-01
8.836999893188476562e+00 -2.066999912261962891e+00 -1.126999974250793457e+00 3.700000047683715820e-01
8.815999984741210938e+00 -2.032999992370605469e+00 -1.123000025749206543e+00 4.300000071525573730e-01
8.789999961853027344e+00 -2.013000011444091797e+00 -1.118999958038330078e+00 4.600000083446502686e-01
8.802000045776367188e+00 -1.986999988555908203e+00 -1.120000004768371582e+00 4.399999976158142090e-01
8.815999984741210938e+00 -1.960999965667724609e+00 -1.121000051498413086e+00 5.000000000000000000e-01
8.654999732971191406e+00 -1.656000018119812012e+00 -1.088999986648559570e+00 3.700000047683715820e-01
8.645000457763671875e+00 -1.626000046730041504e+00 -1.087000012397766113e+00 4.099999964237213135e-01
8.805000305175781250e+00 -2.081000089645385742e+00 -1.187999963760375977e+00 3.300000131130218506e-01
8.789999961853027344e+00 -2.049000024795532227e+00 -1.184999942779541016e+00 4.300000071525573730e-01
8.791000366210937500e+00 -2.019999980926513672e+00 -1.184000015258789062e+00 3.700000047683715820e-01
8.791999816894531250e+00 -1.991000056266784668e+00 -1.182999968528747559e+00 6.200000047683715820e-01
8.824999809265136719e+00 -1.968999981880187988e+00 -1.187999963760375977e+00 4.499999880790710449e-01
8.649000167846679688e+00 -1.646000027656555176e+00 -1.151000022888183594e+00 1.800000071525573730e-01
8.678000450134277344e+00 -1.623000025749206543e+00 -1.154999971389770508e+00 3.100000023841857910e-01
8.786999702453613281e+00 -2.095000028610229492e+00 -1.309000015258789062e+00 3.199999928474426270e-01
8.770999908447265625e+00 -2.062000036239624023e+00 -1.304999947547912598e+00 4.699999988079071045e-01
8.788999557495117188e+00 -2.036999940872192383e+00 -1.307000041007995605e+00 3.799999952316284180e-01
8.786000251770019531e+00 -2.007999897003173828e+00 -1.305999994277954102e+00 6.100000143051147461e-01
8.791999816894531250e+00 -1.980000019073486328e+00 -1.305999994277954102e+00 3.899999856948852539e-01
8.760000228881835938e+00 -2.092999935150146484e+00 -1.394000053405761719e+00 3.899999856948852539e-01
8.762000083923339844e+00 -2.063999891281127930e+00 -1.393000006675720215e+00 4.199999868869781494e-01
8.772999763488769531e+00 -2.052000045776367188e+00 -1.394000053405761719e+00 5.799999833106994629e-01
8.840999603271484375e+00 -2.039000034332275391e+00 -1.404999971389770508e+00 2.700000107288360596e-01
8.800999641418457031e+00 -2.085999965667724609e+00 -1.480000019073486328e+00 3.899999856948852539e-01
8.815999984741210938e+00 -2.075000047683715820e+00 -1.481999993324279785e+00 6.000000238418579102e-01
9.057000160217285156e+00 -2.066999912261962891e+00 -1.592000007629394531e+00 2.500000000000000000e-01
9.065999984741210938e+00 -2.053999900817871094e+00 -1.593000054359436035e+00 2.000000029802322388e-01
9.081000328063964844e+00 -2.028000116348266602e+00 -1.595000028610229492e+00 2.700000107288360596e-01
9.067999839782714844e+00 -1.995000004768371582e+00 -1.590999960899353027e+00 2.300000041723251343e-01
9.078000068664550781e+00 -1.967000007629394531e+00 -1.592000007629394531e+00 1.800000071525573730e-01
9.100999832153320312e+00 -1.942000031471252441e+00 -1.595000028610229492e+00 2.599999904632568359e-01
9.093999862670898438e+00 -1.911000013351440430e+00 -1.593000054359436035e+00 2.399999946355819702e-01
9.097999572753906250e+00 -1.881999969482421875e+00 -1.592000007629394531e+00 1.800000071525573730e-01
9.114000320434570312e+00 -1.870000004768371582e+00 -1.595000028610229492e+00 2.599999904632568359e-01
9.100999832153320312e+00 -1.838000059127807617e+00 -1.590999960899353027e+00 2.199999988079071045e-01
9.102999687194824219e+00 -1.807999968528747559e+00 -1.590000033378601074e+00 1.800000071525573730e-01
9.130000114440917969e+00 -1.784000039100646973e+00 -1.593999981880187988e+00 2.599999904632568359e-01
9.116000175476074219e+00 -1.751999974250793457e+00 -1.590999960899353027e+00 2.399999946355819702e-01
9.112000465393066406e+00 -1.720999956130981445e+00 -1.588999986648559570e+00 1.599999964237213135e-01
9.147999763488769531e+00 -1.697999954223632812e+00 -1.595000028610229492e+00 2.800000011920928955e-01
9.140999794006347656e+00 -1.682000041007995605e+00 -1.593000054359436035e+00 2.000000029802322388e-01
9.145999908447265625e+00 -1.652999997138977051e+00 -1.593000054359436035e+00 2.500000000000000000e-01
9.142999649047851562e+00 -1.623000025749206543e+00 -1.590999960899353027e+00 1.899999976158142090e-01
